image: hospital.pgm
resolution: 0.050000
origin: [-12.500000, -34.999998, 0]
negate: 0
occupied_thresh: 0.65
free_thresh: 0.196
